0.10570021983754377
0.019659330809471798
0.15262017496392496
0.1356965671792247
-0.06859110112298887
-0.014216526707634437
0.13151387804396303
0.0034035860017286915
0.3229150380539269
0.07302398072171432
0.24111872995831327
0.11363065147387626
0.16213542331826347
0.43698245546224873
0.10524037254212301
0.10652273713897137
0.14198575932874713
0.2651337593476482
0.19545114399926639
-0.17532871089256957
0.22051593931919744
0.26658244112023716
0.07083267295827392
0.21981955645881088
-0.002004851599149836
